dummy=1
transaction_attr_TS_FROM=2017-01-01 00:00:00.000000
transaction_attr_TS_TO=2017-09-27 20:55:17.476675
transaction_fact_TS_FROM=2017-01-01 00:00:00.000000
transaction_fact_TS_TO=2017-10-06 16:32:29.751281
